$SPEC_ID:
No sample description was entered.
$SPEC_REM:
DET# 6
DETDESC# PHY-NUCLAB-08 MCB 132
AP# Maestro Version 7.01
$DATE_MEA:
03/01/2024 14:58:27
$MEAS_TIM:
38 38
$DATA:
0 2047
       0
       0
       0
       0
       0
       0
       0
       0
       0
       0
       0
       0
       0
       0
       0
       0
       0
       0
       0
       2
       1
       5
       5
       4
      10
       5
      12
       6
       7
       6
       7
       5
       5
      14
       3
       9
       5
       5
      16
      17
      15
       7
       7
      10
      14
      12
      13
      12
       8
      12
      23
      20
      17
      20
      20
      17
      14
      23
      29
      18
      24
      31
      33
      14
      35
      33
      34
      43
      32
      29
      43
      38
      34
      46
      33
      42
      48
      35
      37
      35
      31
      29
      37
      32
      32
      37
      35
      38
      36
      41
      34
      34
      35
      41
      34
      31
      39
      36
      42
      30
      32
      31
      25
      34
      35
      38
      41
      27
      30
      39
      36
      33
      32
      35
      37
      31
      45
      34
      17
      31
      26
      31
      28
      28
      26
      30
      33
      35
      30
      27
      26
      27
      16
      26
      23
      26
      18
      27
      26
      27
      39
      27
      28
      21
      25
      19
      27
      24
      24
      13
      22
      22
      29
      21
      22
      30
      26
      18
      23
      17
      28
      27
      19
      29
      26
      19
      26
      21
      27
      20
      16
      18
      18
      21
      15
      18
      22
      17
      20
      12
      16
      16
      10
      19
      20
      23
      19
      22
      11
      13
      20
      20
      22
      20
      18
      22
      13
      23
      15
      16
      16
      21
      12
      17
      16
      17
      14
      10
      11
      20
      15
      20
      17
      14
       7
      15
      10
       8
      11
      13
      15
      12
      13
      14
      14
      16
      13
      17
      10
      18
      15
      10
      16
      18
      13
      10
      11
      10
      10
       7
       5
       8
       7
      17
       8
      12
      10
       7
      12
       9
      14
      12
      10
       5
      12
      11
      13
      10
       5
      11
       5
      13
       9
      11
       6
       8
       8
       9
       6
       7
       8
       8
       4
       7
       5
       5
       6
       6
      13
      14
       5
       5
       8
       4
       7
      11
       9
       5
      10
       9
       4
       5
       8
      10
      10
       7
       6
       7
       5
       5
       7
       8
       5
       6
       3
       4
       9
       6
       4
      10
       5
       6
       3
       7
       3
      10
       7
       7
       6
       6
       6
       6
       7
       4
       6
       3
       5
       5
       3
       5
       3
       6
       3
       6
       5
       2
       7
       7
       4
       4
       7
       2
       2
       4
       2
       5
       5
       6
       5
       7
       3
       3
       4
       4
       5
       3
       8
       1
       5
       7
       3
       4
       6
       4
       4
       4
       5
       5
       0
       6
       3
       4
       5
       3
       2
       3
       5
       4
       5
       5
       1
       4
       2
       1
       1
       2
       0
       3
       5
       2
       0
       6
       2
       2
       3
       2
       4
       4
       3
       3
       5
       1
       4
       2
       1
       7
       5
       2
       4
       3
       1
       4
       5
       2
       5
       2
       1
       1
       4
       3
       4
       5
       5
       0
       5
       3
       3
       3
       2
       3
       3
       2
       3
       0
       1
       1
       3
       6
       6
       2
       9
       2
       4
       2
       6
       0
       3
       1
       9
       4
       8
       5
       1
       1
       3
       4
       2
       3
       2
       1
       1
       3
       2
       1
       3
       0
       1
       5
       3
       3
       5
       4
       1
       1
       3
       3
       4
       0
       0
       1
       3
       2
       4
       0
       0
       2
       1
       4
       5
       1
       1
       3
       5
       2
       5
       2
       4
       4
       5
       6
       1
       5
       3
       3
       1
       3
       2
       3
       1
       0
       0
       2
       1
       2
       4
       2
       2
       0
       3
       3
       2
       2
       1
       0
       3
       1
       5
       0
       3
       4
       3
       4
       2
       2
       2
       3
       2
       0
       2
       2
       2
       1
       1
       1
       2
       1
       2
       2
       3
       2
       2
       4
       1
       1
       1
       1
       3
       0
       1
       0
       1
       0
       1
       0
       1
       1
       2
       1
       2
       0
       0
       1
       2
       3
       1
       2
       1
       1
       5
       2
       2
       2
       1
       1
       1
       2
       1
       2
       0
       3
       0
       1
       0
       1
       0
       1
       3
       2
       0
       0
       1
       3
       4
       1
       1
       0
       2
       2
       1
       0
       1
       0
       1
       0
       2
       1
       0
       1
       1
       1
       2
       1
       2
       0
       2
       2
       1
       2
       3
       2
       1
       1
       1
       0
       3
       4
       0
       1
       2
       0
       0
       2
       1
       0
       3
       1
       2
       2
       0
       1
       1
       1
       1
       1
       2
       3
       1
       2
       1
       3
       1
       0
       2
       4
       1
       1
       1
       1
       2
       3
       2
       0
       0
       1
       1
       1
       3
       0
       0
       1
       1
       1
       1
       0
       1
       1
       1
       1
       0
       2
       1
       0
       0
       0
       1
       3
       0
       2
       0
       0
       0
       1
       0
       1
       2
       1
       1
       0
       3
       1
       1
       1
       2
       1
       2
       2
       2
       0
       1
       1
       2
       0
       2
       0
       1
       1
       1
       0
       1
       0
       0
       0
       3
       1
       2
       0
       0
       0
       1
       1
       0
       0
       1
       1
       0
       0
       1
       0
       1
       1
       1
       0
       2
       0
       0
       3
       3
       1
       1
       1
       0
       0
       2
       1
       0
       1
       0
       2
       0
       1
       1
       0
       2
       4
       1
       1
       1
       0
       1
       1
       1
       0
       0
       1
       3
       1
       0
       0
       1
       0
       1
       2
       2
       2
       1
       1
       2
       5
       0
       0
       3
       0
       2
       1
       0
       2
       0
       1
       0
       1
       0
       2
       2
       0
       1
       1
       2
       2
       2
       0
       0
       0
       0
       1
       1
       1
       1
       1
       0
       0
       0
       0
       0
       1
       0
       3
       2
       3
       1
       1
       0
       0
       3
       3
       0
       0
       1
       1
       0
       1
       3
       1
       0
       2
       1
       1
       2
       1
       0
       0
       1
       1
       0
       0
       0
       3
       2
       1
       1
       1
       0
       1
       2
       0
       0
       0
       1
       0
       0
       2
       0
       4
       1
       1
       2
       3
       3
       2
       0
       0
       0
       4
       0
       1
       0
       3
       0
       1
       0
       1
       0
       1
       1
       2
       1
       0
       1
       0
       1
       0
       2
       0
       0
       1
       0
       2
       1
       1
       0
       1
       0
       3
       1
       1
       1
       0
       0
       1
       1
       1
       0
       1
       0
       0
       0
       0
       0
       0
       2
       2
       1
       0
       1
       0
       1
       1
       1
       2
       1
       0
       1
       1
       1
       1
       3
       2
       2
       1
       1
       1
       1
       4
       1
       1
       2
       2
       1
       1
       2
       1
       1
       1
       0
       0
       1
       2
       0
       0
       0
       1
       0
       0
       0
       0
       0
       0
       0
       0
       0
       0
       0
       0
       0
       1
       1
       2
       2
       1
       1
       2
       1
       0
       1
       0
       0
       0
       1
       0
       0
       0
       1
       0
       1
       1
       0
       1
       1
       0
       2
       0
       0
       1
       3
       0
       0
       0
       0
       0
       0
       2
       1
       0
       0
       1
       1
       3
       2
       0
       0
       1
       1
       0
       0
       1
       0
       0
       0
       0
       0
       0
       0
       0
       1
       0
       1
       1
       0
       0
       0
       1
       0
       0
       0
       0
       1
       1
       0
       1
       0
       0
       0
       1
       1
       1
       1
       2
       2
       0
       1
       0
       0
       3
       0
       2
       2
       0
       0
       2
       1
       0
       0
       0
       0
       1
       0
       0
       0
       0
       0
       0
       2
       1
       0
       0
       0
       0
       0
       0
       0
       0
       0
       2
       0
       0
       0
       0
       0
       0
       1
       0
       0
       0
       1
       0
       0
       0
       1
       0
       0
       0
       1
       0
       0
       0
       1
       0
       0
       0
       0
       0
       0
       0
       0
       0
       0
       0
       0
       0
       2
       0
       2
       0
       0
       1
       0
       0
       0
       0
       1
       1
       1
       2
       0
       1
       1
       0
       1
       0
       0
       3
       0
       1
       2
       0
       0
       2
       0
       1
       1
       0
       1
       1
       1
       0
       1
       1
       0
       1
       1
       1
       0
       1
       1
       0
       3
       6
       1
       1
       0
       3
       3
       2
       3
       3
       2
       0
       1
       0
       0
       2
       1
       4
       0
       0
       2
       2
       1
       1
       1
       1
       1
       2
       2
       2
       0
       0
       1
       2
       1
       1
       1
       0
       1
       2
       0
       1
       1
       1
       0
       2
       1
       0
       0
       2
       0
       2
       1
       2
       0
       0
       0
       0
       0
       0
       2
       2
       2
       1
       1
       1
       0
       0
       0
       0
       0
       0
       0
       1
       0
       0
       0
       1
       0
       2
       0
       0
       0
       0
       1
       0
       0
       0
       0
       0
       0
       0
       0
       0
       0
       0
       1
       0
       1
       0
       0
       0
       0
       0
       0
       0
       0
       0
       1
       0
       0
       0
       0
       0
       1
       0
       0
       0
       2
       0
       0
       0
       0
       0
       0
       0
       0
       0
       0
       1
       0
       0
       0
       0
       0
       0
       0
       0
       0
       0
       0
       0
       0
       0
       0
       0
       0
       0
       0
       0
       0
       0
       0
       0
       1
       0
       0
       0
       0
       0
       0
       0
       1
       0
       0
       0
       0
       0
       0
       0
       0
       0
       0
       0
       0
       0
       0
       0
       1
       0
       1
       0
       0
       0
       0
       0
       0
       0
       0
       0
       1
       0
       0
       0
       0
       0
       0
       1
       0
       0
       0
       0
       1
       0
       0
       0
       0
       0
       0
       0
       0
       1
       0
       0
       0
       0
       0
       0
       0
       0
       0
       0
       1
       0
       0
       0
       0
       0
       0
       0
       0
       0
       0
       0
       0
       0
       0
       0
       0
       0
       0
       0
       0
       0
       1
       0
       0
       0
       0
       0
       0
       0
       1
       0
       0
       1
       0
       0
       0
       0
       0
       0
       0
       0
       0
       1
       0
       0
       0
       0
       0
       0
       0
       0
       0
       0
       0
       0
       0
       0
       1
       0
       0
       0
       0
       0
       0
       0
       0
       0
       0
       0
       0
       0
       0
       1
       0
       0
       0
       0
       0
       0
       0
       1
       0
       0
       0
       1
       0
       0
       0
       0
       0
       0
       1
       0
       0
       0
       0
       0
       0
       0
       0
       0
       0
       0
       0
       0
       0
       0
       0
       0
       0
       0
       0
       0
       1
       0
       0
       0
       0
       0
       0
       0
       0
       0
       0
       0
       0
       0
       0
       0
       0
       0
       0
       0
       0
       0
       0
       0
       0
       0
       1
       0
       0
       0
       1
       0
       0
       0
       0
       0
       0
       0
       0
       1
       0
       0
       0
       0
       0
       0
       0
       0
       0
       0
       0
       0
       0
       0
       0
       0
       0
       0
       0
       0
       0
       0
       0
       0
       0
       0
       0
       0
       0
       0
       0
       0
       0
       0
       0
       0
       1
       0
       0
       0
       0
       1
       0
       0
       0
       0
       0
       0
       0
       0
       0
       0
       0
       0
       0
       0
       0
       0
       0
       0
       0
       0
       0
       0
       0
       0
       0
       0
       0
       0
       0
       0
       0
       0
       0
       0
       0
       0
       0
       0
       0
       0
       0
       0
       0
       0
       0
       1
       0
       0
       0
       0
       0
       0
       0
       0
       0
       0
       0
       0
       0
       0
       0
       0
       0
       0
       0
       0
       0
       0
       0
       0
       1
       0
       0
       0
       0
       0
       0
       0
       0
       0
       1
       0
       0
       0
       0
       0
       1
       0
       0
       0
       0
       0
       0
       0
       0
       1
       0
       0
       0
       0
       0
       0
       0
       0
       0
       0
       1
       0
       0
       0
       0
       0
       0
       0
       0
       1
       0
       0
       0
       0
       0
       1
       0
       0
       0
       0
       0
       0
       0
       0
       0
       0
       0
       0
       0
       0
       0
       0
       0
       1
       1
       0
       0
       0
       0
       0
       0
       0
       0
       0
       0
       0
       0
       0
       0
       0
       0
       0
       0
       0
       1
       0
       0
       0
       0
       0
       0
       0
       0
       0
       0
       1
       0
       0
       0
       0
       0
       0
       0
       0
       0
       0
       1
       0
       1
       0
       0
       0
       0
       0
       0
       0
       0
       0
       0
       0
       0
       0
       0
       0
       0
       0
       0
       0
       0
       0
       1
       0
       0
       0
       0
       0
       0
       0
       0
       0
       0
       0
       0
       1
       0
       0
       0
       0
       0
       0
       0
       0
       0
       0
       0
       0
       0
       0
       0
       0
       0
       0
       1
       0
       0
       0
       0
       0
       0
       0
       0
       0
       0
       0
       0
       0
       0
       0
       0
       0
       0
       0
       0
       0
       0
       0
       0
       0
       1
       0
       0
       0
       0
       1
       0
       0
       0
       0
       0
       0
       0
       0
       0
       0
       0
       0
       0
       0
       0
       0
       0
       0
       0
       0
       0
       0
       0
       0
       0
       0
       0
       0
       0
       1
       0
       0
       0
       0
       0
       0
       0
       0
       0
       0
       0
       1
       0
       0
       0
       0
       0
       0
       0
       0
       0
       0
       0
       0
       0
       0
       0
       0
       0
       0
       0
       0
       0
       0
       0
       0
       0
       0
       0
       0
       0
       0
       0
       0
       0
       0
       0
       0
       0
       0
       0
       0
       0
       0
       0
       0
       0
       0
       0
       0
       0
       0
       0
       0
       0
       0
       0
       0
       0
       0
       0
       0
       0
       0
       0
       0
       0
       0
       0
       0
       0
       0
       0
       0
       0
       0
       0
       0
       0
       0
       0
       0
       0
       0
       0
       0
       0
       0
       0
       0
       0
       0
       0
       0
       0
       0
       0
       0
       0
       0
       0
       0
       0
       0
       0
       0
       0
       0
       0
       0
       0
       0
       0
       0
       0
       0
       0
       0
       0
       0
       0
       0
       0
       0
       0
       0
$ROI:
2
402 485
999 1133
$PRESETS:
None
0
0
$ENER_FIT:
-31.477690 1.224967
$MCA_CAL:
3
-3.147769E+001 1.224967E+000 0.000000E+000 keV
$SHAPE_CAL:
3
2.181683E+001 3.254661E-002 0.000000E+000
