$SPEC_ID:
No sample description was entered.
$SPEC_REM:
DET# 6
DETDESC# PHY-NUCLAB-08 MCB 132
AP# Maestro Version 7.01
$DATE_MEA:
03/01/2024 14:33:06
$MEAS_TIM:
113 117
$DATA:
0 2047
       0
       0
       0
       0
       0
       0
       0
       0
       0
       0
       0
       0
       0
       0
       0
       0
       0
       0
       0
     406
     901
     903
     963
     964
    1030
    1082
    1230
    1245
    1319
    1170
    1208
    1239
    1156
    1155
    1114
    1115
    1061
    1044
    1085
    1071
    1104
    1072
    1060
    1028
    1065
    1120
    1041
    1063
    1007
    1132
    1056
    1047
    1018
    1045
    1091
    1070
    1073
    1201
    1115
    1152
    1200
    1244
    1315
    1360
    1436
    1439
    1464
    1438
    1402
    1339
    1302
    1309
    1252
    1281
    1240
    1308
    1227
    1198
    1145
    1221
    1158
    1102
    1179
    1146
    1128
    1071
    1085
    1049
    1118
    1014
    1046
    1014
    1000
     988
    1003
     975
     980
     925
     949
     948
     974
     917
     912
     969
     907
     891
     950
     966
     962
     937
     912
     953
     973
     939
     919
     774
     814
     812
     759
     749
     660
     633
     595
     598
     549
     511
     489
     495
     419
     427
     404
     430
     409
     384
     359
     358
     335
     338
     304
     374
     314
     327
     325
     319
     287
     303
     307
     313
     296
     300
     276
     317
     315
     320
     293
     315
     297
     327
     338
     357
     297
     304
     346
     404
     419
     512
     620
     714
     927
    1084
    1472
    1835
    2207
    2480
    2965
    3423
    4131
    4375
    4652
    5028
    5201
    5357
    5353
    5271
    4954
    4562
    4110
    3641
    3188
    2730
    2201
    1847
    1390
    1116
     897
     677
     501
     373
     358
     248
     242
     240
     177
     189
     173
     154
     165
     176
     167
     177
     148
     162
     166
     170
     181
     156
     164
     166
     155
     180
     188
     169
     165
     170
     193
     178
     161
     165
     150
     175
     149
     159
     145
     161
     158
     184
     160
     151
     153
     146
     154
     185
     180
     159
     169
     176
     182
     194
     189
     185
     194
     160
     163
     153
     194
     168
     180
     172
     172
     187
     151
     148
     168
     172
     147
     157
     158
     182
     181
     160
     176
     146
     171
     154
     177
     168
     180
     172
     165
     149
     173
     179
     177
     163
     193
     202
     168
     178
     164
     171
     175
     160
     174
     176
     180
     159
     182
     163
     160
     160
     182
     172
     178
     158
     181
     197
     198
     168
     143
     200
     179
     169
     185
     160
     197
     176
     182
     183
     178
     189
     181
     213
     189
     180
     183
     191
     164
     188
     219
     197
     171
     189
     206
     183
     216
     183
     197
     232
     205
     198
     193
     204
     214
     190
     212
     195
     189
     176
     202
     176
     201
     193
     178
     165
     156
     188
     159
     160
     144
     145
     152
     144
     148
     134
     135
     122
     122
     105
     123
     113
      90
      82
      94
      86
      72
      58
      81
      77
      76
      55
      66
      66
      54
      58
      61
      54
      50
      48
      52
      56
      44
      38
      33
      49
      41
      45
      42
      48
      38
      38
      28
      33
      45
      47
      32
      43
      44
      47
      45
      41
      55
      63
      60
      62
      74
     104
     110
     132
     120
     169
     152
     190
     227
     226
     266
     310
     353
     389
     414
     481
     459
     464
     549
     586
     603
     638
     578
     629
     628
     577
     657
     647
     621
     546
     519
     502
     506
     424
     389
     379
     353
     327
     249
     259
     211
     196
     159
     165
     121
     102
      67
      77
      65
      69
      54
      52
      43
      35
      27
      25
      32
      26
      23
      22
      18
      20
      19
      12
      22
      17
      18
      22
      24
      20
      21
      29
      16
      23
      25
      30
      19
      28
      18
      21
      32
      22
      31
      24
      33
      22
      22
      28
      27
      21
      23
      22
      23
      28
      29
      27
      13
      29
      27
      19
      28
      20
      28
      17
      21
      23
      33
      17
      17
      17
      17
      22
      22
      19
      23
      20
      18
       8
      14
      16
      21
      13
      12
      11
      17
      14
      15
       8
      12
      11
      20
      16
       7
       9
      10
      14
      13
       8
      14
      13
      14
       9
      13
       8
       9
      10
       7
      13
      11
       7
       6
       7
       2
       4
       7
       6
       9
       5
       6
       2
       9
       9
       4
       6
       7
       8
       6
       5
       2
       6
       2
       6
       7
       5
       6
       7
       5
       4
       4
       7
       3
       6
       6
       6
      12
      10
      12
      15
      16
      13
      14
      12
      18
      17
      11
      12
       8
      12
      18
      19
      26
      22
      25
      21
      31
      26
      19
      34
      25
      32
      21
      18
      32
      19
      23
      21
      19
      14
      12
      18
      13
      10
       6
      11
      15
       8
      11
       5
       2
       9
       5
       1
       5
       5
       5
       1
       4
       4
       0
       2
       0
       0
       1
       1
       3
       1
       1
       1
       1
       1
       1
       2
       0
       1
       0
       1
       2
       1
       2
       1
       2
       2
       1
       0
       1
       0
       1
       0
       4
       2
       1
       0
       0
       0
       0
       1
       3
       0
       0
       1
       0
       2
       0
       1
       2
       1
       0
       2
       1
       1
       1
       1
       0
       0
       0
       0
       1
       4
       2
       1
       3
       0
       0
       3
       2
       0
       1
       0
       4
       1
       1
       2
       0
       0
       2
       0
       0
       2
       1
       1
       0
       1
       0
       0
       0
       0
       0
       1
       0
       2
       1
       2
       1
       3
       0
       2
       0
       2
       1
       4
       0
       1
       2
       0
       0
       1
       2
       0
       0
       0
       0
       0
       0
       1
       1
       0
       0
       2
       1
       1
       0
       0
       0
       2
       0
       1
       1
       0
       1
       0
       0
       1
       2
       0
       1
       1
       0
       0
       0
       0
       0
       1
       1
       2
       0
       0
       0
       0
       1
       0
       0
       0
       1
       0
       0
       0
       1
       1
       1
       0
       0
       0
       0
       0
       1
       1
       0
       1
       0
       0
       2
       0
       0
       0
       0
       1
       0
       1
       0
       0
       2
       0
       0
       0
       0
       0
       0
       1
       1
       0
       0
       0
       2
       0
       1
       0
       0
       2
       0
       0
       0
       0
       0
       0
       0
       0
       0
       0
       0
       1
       0
       0
       0
       1
       0
       2
       0
       0
       2
       0
       1
       3
       1
       0
       0
       0
       1
       0
       1
       0
       3
       2
       1
       1
       1
       0
       1
       0
       1
       2
       0
       1
       0
       1
       1
       0
       1
       0
       0
       1
       0
       0
       0
       0
       0
       2
       0
       0
       0
       0
       0
       0
       1
       0
       1
       0
       0
       0
       1
       0
       0
       0
       0
       0
       0
       1
       0
       0
       0
       1
       0
       0
       0
       0
       0
       0
       0
       0
       0
       0
       0
       0
       0
       0
       0
       0
       0
       0
       0
       0
       0
       0
       0
       0
       0
       0
       0
       0
       0
       0
       0
       0
       0
       0
       0
       0
       0
       0
       0
       0
       0
       0
       0
       0
       0
       0
       0
       0
       0
       0
       0
       0
       0
       0
       0
       0
       0
       0
       0
       1
       0
       0
       0
       0
       0
       0
       0
       0
       0
       0
       0
       0
       0
       0
       0
       0
       0
       0
       0
       0
       0
       0
       0
       0
       0
       0
       0
       0
       0
       0
       0
       0
       0
       0
       0
       0
       0
       0
       0
       1
       0
       0
       0
       0
       0
       0
       0
       0
       0
       0
       0
       0
       0
       0
       0
       0
       0
       0
       0
       0
       0
       0
       0
       0
       0
       0
       0
       0
       0
       0
       0
       0
       0
       0
       0
       0
       0
       0
       0
       0
       0
       0
       0
       0
       0
       0
       0
       0
       0
       0
       0
       1
       0
       0
       1
       0
       0
       1
       0
       0
       0
       0
       0
       0
       0
       0
       0
       0
       0
       0
       0
       0
       0
       0
       0
       0
       0
       0
       0
       0
       0
       0
       0
       0
       0
       0
       0
       0
       0
       0
       0
       0
       0
       0
       0
       1
       0
       0
       0
       0
       0
       0
       0
       0
       0
       0
       0
       0
       0
       0
       0
       0
       0
       0
       0
       0
       0
       0
       0
       0
       0
       0
       0
       0
       0
       0
       0
       0
       0
       0
       0
       0
       0
       0
       0
       0
       0
       0
       0
       0
       0
       0
       0
       0
       0
       0
       0
       0
       0
       0
       0
       0
       0
       0
       0
       0
       0
       0
       0
       0
       0
       0
       0
       0
       0
       0
       0
       0
       0
       0
       0
       0
       0
       0
       0
       0
       0
       0
       0
       0
       0
       0
       0
       0
       0
       0
       0
       0
       0
       0
       0
       0
       0
       0
       0
       0
       0
       0
       0
       0
       0
       0
       0
       0
       0
       0
       0
       0
       0
       0
       0
       0
       0
       0
       0
       0
       0
       0
       0
       0
       0
       0
       0
       0
       0
       0
       0
       0
       0
       0
       0
       0
       0
       0
       0
       0
       0
       0
       0
       0
       0
       0
       0
       0
       0
       0
       0
       0
       0
       0
       0
       0
       0
       0
       0
       0
       0
       0
       0
       0
       0
       0
       0
       0
       0
       0
       0
       0
       0
       0
       0
       0
       0
       0
       0
       0
       0
       0
       0
       0
       0
       0
       0
       0
       0
       0
       0
       0
       0
       0
       0
       0
       0
       0
       0
       0
       0
       0
       0
       0
       0
       0
       0
       0
       0
       0
       0
       0
       0
       0
       0
       0
       0
       0
       0
       0
       0
       0
       0
       0
       0
       0
       0
       0
       1
       0
       0
       0
       0
       0
       0
       0
       0
       0
       0
       0
       0
       0
       0
       0
       0
       0
       0
       0
       0
       0
       0
       0
       0
       0
       0
       0
       0
       0
       0
       0
       0
       0
       0
       0
       0
       0
       0
       0
       0
       0
       0
       0
       0
       0
       0
       0
       0
       0
       0
       0
       0
       0
       0
       0
       0
       0
       0
       0
       0
       0
       0
       0
       0
       0
       0
       0
       0
       0
       0
       0
       0
       0
       0
       0
       0
       0
       0
       0
       0
       0
       0
       0
       0
       0
       0
       0
       0
       0
       0
       0
       1
       0
       0
       0
       0
       0
       0
       0
       0
       0
       0
       0
       0
       0
       0
       0
       0
       0
       1
       0
       0
       0
       0
       0
       0
       0
       0
       0
       0
       0
       0
       0
       0
       0
       0
       0
       0
       0
       0
       0
       0
       0
       0
       0
       0
       0
       0
       0
       0
       0
       0
       0
       0
       0
       0
       0
       0
       0
       0
       0
       0
       0
       0
       0
       0
       0
       0
       0
       0
       0
       0
       0
       0
       0
       0
       0
       0
       0
       0
       0
       0
       0
       0
       0
       0
       0
       0
       0
       0
       0
       0
       0
       0
       0
       0
       1
       0
       0
       0
       0
       0
       0
       0
       0
       0
       0
       0
       0
       0
       0
       0
       0
       0
       0
       0
       0
       0
       0
       0
       0
       0
       1
       0
       0
       0
       0
       0
       0
       0
       1
       0
       0
       0
       0
       0
       0
       0
       0
       0
       0
       0
       0
       0
       0
       0
       0
       0
       0
       0
       0
       0
       0
       0
       0
       0
       0
       0
       0
       0
       0
       0
       0
       0
       0
       0
       0
       0
       0
       0
       0
       0
       0
       0
       0
       0
       0
       0
       0
       0
       0
       0
       0
       0
       0
       0
       0
       0
       0
       0
       0
       0
       0
       0
       0
       0
       0
       0
       0
       0
       0
       0
       0
       0
       0
       0
       0
       0
       0
       0
       0
       0
       0
       0
       0
       0
       0
       0
       0
       0
       0
       0
       0
       0
       0
       0
       0
       0
       0
       0
       0
       0
       0
       0
       0
       0
       0
       0
       0
       0
       0
       0
       0
       0
       0
       0
       0
       0
       0
       0
       0
       0
       0
       0
       0
       0
       0
       0
       0
       0
       0
       0
       0
       0
       0
       0
       0
       0
       0
       0
       0
       0
       0
       0
       0
       0
       0
       0
       0
       0
       0
       0
       0
       0
       0
       0
       0
       0
       0
       0
       0
       0
       0
       0
       0
       0
       0
       0
       0
       0
       0
       0
       0
       0
       0
       0
       0
       0
       0
       0
       0
       0
       1
       0
       0
       0
       0
       0
       0
       0
       0
       0
       0
       0
       0
       0
       0
       0
       0
       0
       0
       0
       0
       0
       0
       0
       0
       0
       0
       0
       0
       0
       0
       0
       0
       0
       0
       0
       0
       0
       0
       0
       0
       0
       0
       0
       0
       0
       0
       0
       0
       0
       0
       0
       0
       0
       0
       0
       0
       0
       0
       0
       0
       0
       0
       0
       0
       0
       0
       0
       0
       0
       0
       0
       0
       0
       0
       0
       0
       0
       0
       0
       0
       0
       0
       0
       0
       0
       0
       0
       0
       0
       0
       0
       0
       0
       0
       0
       0
       0
       0
       0
       0
       0
       0
       0
       0
       0
       0
       0
       0
       0
       0
       0
       0
       0
       0
       0
       0
       0
       0
       0
       0
       0
       0
       0
       0
       0
       0
       0
       0
       0
       0
       0
       0
       0
       0
       0
       0
       0
       0
       0
       0
       0
       0
       0
       0
       0
       0
       0
       0
       0
       0
       0
       0
       0
       0
       0
       0
       0
       0
       0
       0
       0
       0
       0
       0
       0
       0
       0
       0
       0
       0
       0
       0
       0
       0
       0
       0
       0
       0
       0
       0
       0
       0
       0
       0
       0
       0
       0
       0
       0
       0
       0
       0
       0
       0
       0
       0
       0
       0
       0
       0
       0
       0
       0
       0
       0
       0
       0
       0
       0
       0
       0
       0
       0
       0
       0
       0
       0
       0
       0
       0
       0
       0
       0
       0
       0
       0
       0
       0
       0
       0
       0
       0
       0
       0
       0
       0
       0
       0
       0
       0
       0
       0
       0
       0
       0
       0
       0
       0
       0
       0
       0
       0
       0
       0
       0
       0
       0
       0
       0
       0
       0
       0
       0
       0
       0
       0
       0
       0
       0
       0
       0
       0
       0
       0
       0
       0
       0
       0
       0
       0
       0
       0
       0
       0
       0
       0
$ROI:
2
163 198
410 463
$PRESETS:
None
0
0
$ENER_FIT:
-27.969263 2.973657
$MCA_CAL:
3
-2.796926E+001 2.973657E+000 0.000000E+000 keV
$SHAPE_CAL:
3
8.212775E+000 3.595845E-002 0.000000E+000
