$SPEC_ID:
No sample description was entered.
$SPEC_REM:
DET# 6
DETDESC# PHY-NUCLAB-08 MCB 132
AP# Maestro Version 7.01
$DATE_MEA:
03/01/2024 14:38:21
$MEAS_TIM:
63 67
$DATA:
0 2047
       0
       0
       0
       0
       0
       0
       0
       0
       0
       0
       0
       0
       0
       0
       0
       0
       0
       0
       0
      75
     188
     198
     193
     171
     194
     211
     211
     231
     190
     205
     202
     180
     203
     182
     195
     196
     201
     211
     198
     196
     233
     210
     190
     183
     190
     219
     231
     209
     228
     207
     228
     205
     226
     205
     215
     237
     231
     248
     227
     237
     227
     240
     215
     246
     224
     256
     275
     296
     303
     300
     293
     294
     253
     293
     299
     269
     304
     269
     257
     275
     287
     268
     262
     257
     271
     288
     265
     249
     259
     218
     261
     269
     258
     287
     224
     216
     239
     252
     260
     241
     227
     251
     239
     235
     236
     251
     256
     233
     238
     256
     211
     221
     226
     267
     253
     255
     247
     261
     257
     259
     258
     240
     232
     251
     226
     238
     261
     249
     229
     234
     265
     228
     265
     264
     232
     243
     252
     242
     226
     255
     254
     276
     257
     267
     283
     231
     270
     271
     264
     295
     272
     291
     311
     308
     320
     283
     333
     303
     318
     313
     296
     344
     303
     315
     345
     341
     329
     342
     304
     324
     331
     325
     286
     319
     299
     310
     273
     274
     283
     301
     316
     295
     281
     267
     282
     302
     299
     265
     259
     285
     289
     277
     263
     286
     239
     257
     276
     272
     298
     267
     262
     254
     263
     260
     259
     270
     285
     239
     239
     243
     250
     270
     228
     267
     253
     218
     283
     240
     228
     259
     239
     189
     220
     228
     250
     202
     242
     251
     228
     210
     260
     237
     222
     205
     236
     221
     223
     216
     213
     260
     226
     217
     252
     230
     257
     216
     208
     212
     225
     217
     209
     236
     222
     226
     223
     213
     233
     219
     200
     189
     214
     215
     226
     192
     225
     226
     224
     221
     214
     215
     195
     213
     201
     202
     204
     203
     183
     242
     221
     204
     234
     184
     177
     212
     168
     185
     183
     177
     151
     163
     174
     179
     176
     180
     150
     144
     185
     149
     138
     129
     131
     105
     124
     116
     114
     116
     118
     135
     103
     115
      97
     122
      98
      96
      91
     102
      93
      86
      96
     115
      87
      95
      91
      99
      87
      87
      91
      90
      80
      72
     105
     102
      79
      81
      84
      97
      88
      71
      86
      68
      64
      81
      87
      71
      73
      73
      79
      82
      75
      55
      74
      76
      92
      87
      87
      66
      75
      56
      79
      61
      81
      75
      75
      67
      77
      76
      62
      77
      73
      67
      72
      75
      71
      69
      82
      68
      85
      67
      80
      69
      65
      79
      74
      87
      50
      64
      78
      80
      70
      70
      79
      91
      76
      55
      93
      79
      81
      93
      85
      81
      87
     118
     104
     108
     125
     116
     170
     139
     187
     189
     195
     230
     262
     252
     293
     330
     359
     366
     415
     415
     487
     517
     603
     590
     654
     729
     756
     776
     782
     915
     914
     945
     999
     989
    1045
    1133
    1115
    1179
    1240
    1237
    1281
    1242
    1260
    1281
    1268
    1189
    1212
    1207
    1226
    1145
    1129
    1092
    1066
    1038
    1020
     953
     884
     874
     801
     746
     675
     625
     602
     510
     484
     476
     424
     365
     371
     330
     289
     239
     230
     202
     168
     153
     160
     134
     115
      93
     101
      89
      85
      70
      68
      74
      54
      37
      33
      41
      53
      46
      38
      51
      37
      43
      46
      52
      36
      32
      34
      42
      34
      46
      33
      34
      45
      44
      47
      48
      44
      29
      40
      32
      46
      27
      37
      42
      35
      41
      42
      30
      34
      35
      38
      34
      36
      38
      39
      42
      47
      32
      50
      37
      43
      48
      32
      45
      39
      40
      35
      47
      26
      37
      37
      46
      30
      43
      31
      31
      38
      26
      28
      52
      30
      42
      42
      33
      39
      25
      25
      40
      38
      38
      34
      48
      43
      41
      40
      40
      39
      36
      33
      31
      40
      46
      35
      50
      41
      35
      34
      35
      41
      26
      38
      34
      29
      36
      42
      33
      38
      30
      42
      42
      37
      32
      50
      44
      50
      42
      37
      51
      39
      41
      41
      46
      51
      34
      43
      42
      48
      46
      47
      39
      38
      35
      39
      38
      51
      24
      47
      32
      40
      31
      47
      42
      44
      41
      40
      34
      27
      35
      41
      36
      45
      41
      44
      35
      42
      35
      39
      34
      37
      34
      37
      37
      36
      41
      40
      36
      48
      37
      37
      48
      36
      52
      32
      50
      46
      28
      48
      37
      36
      45
      28
      38
      39
      46
      50
      47
      41
      32
      30
      35
      48
      43
      47
      39
      35
      36
      42
      34
      52
      39
      49
      43
      32
      40
      46
      37
      44
      40
      41
      33
      40
      39
      39
      53
      53
      31
      38
      40
      45
      29
      45
      32
      36
      36
      39
      36
      34
      43
      41
      39
      38
      50
      29
      35
      31
      46
      46
      42
      35
      47
      38
      47
      33
      34
      34
      27
      34
      45
      31
      35
      40
      38
      36
      41
      38
      32
      53
      51
      35
      36
      43
      47
      27
      36
      35
      39
      34
      35
      42
      39
      44
      43
      45
      32
      44
      52
      46
      47
      34
      39
      36
      52
      36
      45
      45
      44
      39
      33
      41
      33
      47
      46
      42
      35
      40
      43
      49
      43
      51
      43
      40
      40
      49
      40
      59
      50
      43
      50
      49
      40
      49
      46
      58
      42
      40
      46
      57
      46
      36
      50
      53
      58
      43
      51
      44
      43
      47
      44
      57
      50
      44
      50
      42
      41
      56
      45
      31
      45
      44
      42
      46
      55
      46
      49
      39
      47
      42
      48
      36
      47
      35
      39
      47
      37
      40
      48
      48
      40
      44
      36
      36
      58
      44
      44
      44
      52
      35
      40
      31
      44
      36
      39
      29
      47
      47
      43
      36
      39
      40
      39
      43
      44
      36
      43
      34
      34
      21
      38
      39
      30
      34
      35
      23
      34
      25
      40
      32
      34
      29
      27
      25
      33
      35
      41
      39
      29
      19
      24
      26
      24
      25
      31
      22
      26
      24
      19
      21
      17
      17
      23
      17
      14
      20
      21
      16
      11
      16
      15
      15
      21
      23
      18
      11
      13
      28
      19
      13
      16
      19
      17
      18
      21
      17
      17
      17
      17
      13
       7
      12
      15
      11
       7
      10
      17
      18
       8
       9
      11
      15
       9
       7
       8
       7
       8
      19
       6
      13
      16
      15
       9
       9
      11
      10
      13
      10
       4
      11
      11
      11
       7
      10
       6
       6
       8
       3
       2
      13
      12
      10
       2
      11
       8
       9
       8
       6
       5
       7
       7
      10
      15
      14
       6
       6
       9
      19
       7
      10
      13
       7
      14
      10
      10
      15
      18
      12
      17
      12
       9
      16
      14
      13
      17
      16
      20
      23
      22
      14
      20
      25
      27
      25
      26
      31
      32
      37
      33
      46
      37
      34
      43
      50
      37
      50
      56
      58
      55
      42
      58
      64
      72
      56
      82
      86
      77
      96
      83
      81
      87
      99
     115
     115
      97
     111
     129
     100
      93
     132
     131
     116
     136
     132
     132
     122
     126
     140
     148
     146
     137
     146
     151
     136
     157
     153
     130
     164
     157
     125
     140
     145
     141
     158
     146
     140
     130
     133
     137
     129
     127
     126
     106
     103
     111
     109
     102
      88
     105
      90
      83
      88
     107
      94
      94
      70
      68
      68
      66
      71
      51
      52
      45
      49
      55
      41
      43
      39
      48
      39
      44
      30
      25
      29
      31
      28
      25
      22
      20
      18
      17
      16
      14
       9
      10
      17
      14
      16
      19
      14
      10
      13
       8
      11
       6
       6
       2
       8
      11
       9
       8
       5
       5
      10
       6
       4
       5
       6
       4
       7
       7
       4
       2
       7
      11
       6
       7
       6
       7
       7
       2
       4
       2
       5
       9
       5
       4
       3
       2
       4
       4
       3
      13
       6
      11
       4
       6
       6
       4
       5
       6
       7
       4
       7
       4
       4
       2
      11
       5
       5
       3
       5
       6
       6
      10
       8
       7
       4
       4
       5
       4
       7
       6
       6
       5
       6
       3
       9
       5
       5
       7
       6
       4
       7
       2
       7
       4
       8
       6
       7
       6
      11
       4
       9
       9
       6
       2
       5
      10
       6
       6
       5
       7
       3
       5
       3
       6
       6
       6
       9
       5
       7
       6
       1
       6
       5
       9
       8
       2
       7
       7
       5
       4
       3
       8
       8
       2
       3
       4
       3
       2
       3
       7
       3
       7
       4
      10
       7
       5
       9
      10
       8
       5
       3
       4
       2
       4
       8
       7
       3
       6
       7
       6
       2
       5
       3
       8
       5
       2
       6
       2
       4
       5
       7
       2
       3
       2
       4
       3
       3
       4
       2
       2
       4
       7
       6
       4
       7
       5
       7
       6
       2
       6
       2
       4
       6
       2
       3
       5
       2
       2
       1
       1
       3
       3
       3
       4
       2
       4
       3
       2
       2
       2
       2
       2
       2
       2
       2
       3
       0
       3
       3
       1
       2
       2
       1
       3
       3
       1
       2
       0
       5
       2
       1
       0
       1
       2
       1
       2
       1
       3
       3
       2
       0
       3
       3
       1
       0
       3
       0
       1
       1
       0
       1
       1
       1
       2
       1
       1
       0
       0
       0
       0
       1
       2
       0
       2
       2
       0
       0
       0
       0
       3
       3
       1
       0
       1
       0
       3
       2
       2
       0
       3
       2
       0
       2
       0
       3
       0
       1
       1
       1
       0
       0
       1
       1
       2
       0
       1
       0
       1
       0
       1
       2
       5
       0
       0
       2
       2
       1
       0
       1
       2
       1
       2
       0
       1
       0
       3
       0
       1
       0
       4
       2
       3
       2
       0
       2
       2
       2
       0
       2
       1
       0
       4
       1
       0
       2
       4
       0
       2
       3
       2
       1
       2
       1
       1
       3
       4
       5
       3
       2
       2
       3
       3
       5
       2
       5
       4
       4
       4
       3
       7
       8
       6
       6
       2
       6
       2
       4
       4
       6
       4
       5
       5
       9
       3
       2
       7
       3
       6
       5
       8
       5
       7
       9
       6
       7
       5
       4
       3
       5
       6
       4
       3
      10
       4
       2
      12
       5
       3
       4
       3
       1
       0
       3
       4
       5
       0
       7
       4
       5
       5
       7
       6
       2
       6
       5
       4
       1
       2
       1
       6
       2
       3
       1
       2
       4
       2
       3
       1
       3
       3
       3
       3
       3
       1
       3
       1
       1
       0
       1
       1
       0
       1
       0
       0
       0
       3
       1
       0
       0
       0
       0
       0
       2
       2
       0
       1
       2
       0
       1
       0
       0
       0
       0
       1
       1
       1
       1
       0
       0
       0
       0
       3
       1
       0
       1
       0
       0
       1
       2
       0
       0
       0
       1
       0
       1
       0
       0
       0
       0
       0
       0
       0
       0
       0
       2
       1
       0
       0
       0
       0
       0
       0
       0
       1
       0
       0
       0
       0
       0
       0
       0
       0
       0
       0
       0
       0
       0
       0
       1
       0
       0
       0
       0
       0
       0
       0
       0
       0
       0
       1
       2
       0
       0
       0
       1
       0
       1
       0
       0
       1
       0
       0
       1
       0
       0
       0
       2
       0
       1
       1
       1
       1
       0
       0
       0
       0
       1
       0
       0
       0
       0
       0
       0
       0
       0
       0
       0
       0
       0
       0
       0
       0
       0
       0
       0
       1
       0
       0
       0
       0
       0
       1
       0
       0
       1
       0
       0
       0
       0
       1
       0
       0
       0
       0
       0
       0
       0
       0
       0
       0
       0
       0
       0
       0
       0
       0
       2
       0
       0
       0
       1
       0
       0
       0
       0
       0
       0
       0
       0
       1
       0
       0
       1
       0
       0
       1
       0
       0
       1
       1
       0
       0
       0
       1
       0
       1
       0
       0
       0
       0
       0
       0
       0
       0
       0
       1
       0
       0
       0
       0
       0
       0
       1
       0
       0
       0
       0
       0
       0
       0
       0
       0
       0
       0
       0
       0
       1
       0
       0
       1
       1
       0
       0
       0
       0
       0
       0
       0
       0
       0
       0
       0
       0
       1
       0
       0
       0
       1
       0
       1
       0
       0
       1
       0
       1
       0
       2
       2
       0
       0
       1
       0
       0
       0
       0
       1
       0
       0
       0
       0
       0
       0
       0
       0
       0
       0
       0
       0
       0
       0
       0
       0
       0
       0
       2
       0
       0
       0
       0
       0
       0
       0
       0
       0
       0
       0
       0
       0
       0
       0
       0
       1
       0
       0
       0
       0
       0
       0
       0
       0
       0
       0
       0
       0
       0
       0
       0
       0
       0
       0
       0
       0
       0
       0
       0
       0
       0
       1
       2
       0
       0
       0
       0
       1
       0
       0
       0
       0
       1
       0
       0
       0
       1
       0
       0
       1
       0
       0
       0
       0
       0
       0
       0
       0
       0
       0
       0
       0
       0
       0
       0
       0
       0
       0
       0
       1
       0
       0
       0
       0
       0
       0
       0
       0
       0
       0
       0
       0
       0
       0
       0
       0
       0
       0
       0
       0
       0
       0
       0
       0
       0
       0
       0
       0
       0
       0
       0
       0
       0
       0
       0
       0
       0
       0
       0
       1
       0
       0
       0
       0
       0
       0
       0
       0
       2
       0
       0
       0
       0
       0
       0
       0
       0
       0
       0
       0
       0
       0
       0
       0
       0
       0
       0
       0
       0
       0
       0
       0
       0
       0
       0
       0
       0
       0
       0
       0
       0
       0
       0
       0
       0
       0
       0
       0
       0
       0
       0
       0
       0
       0
       0
       0
       0
       0
       0
       0
       0
       0
       0
       0
       0
       0
       0
       0
       0
       0
       0
       0
       0
       0
       0
       0
       0
       0
$ROI:
2
402 485
999 1133
$PRESETS:
None
0
0
$ENER_FIT:
-31.477690 1.224967
$MCA_CAL:
3
-3.147769E+001 1.224967E+000 0.000000E+000 keV
$SHAPE_CAL:
3
2.181683E+001 3.254661E-002 0.000000E+000
