$SPEC_ID:
No sample description was entered.
$SPEC_REM:
DET# 6
DETDESC# PHY-NUCLAB-08 MCB 132
AP# Maestro Version 7.01
$DATE_MEA:
03/01/2024 14:52:19
$MEAS_TIM:
44 47
$DATA:
0 2047
       0
       0
       0
       0
       0
       0
       0
       0
       0
       0
       0
       0
       0
       0
       0
       0
       0
       0
       0
      50
     119
     150
     135
     174
     194
     191
     190
     202
     201
     197
     166
     195
     172
     183
     225
     240
     250
     272
     333
     364
     424
     444
     424
     452
     430
     388
     329
     327
     307
     318
     317
     353
     385
     393
     437
     469
     487
     487
     550
     596
     689
     722
     954
    1077
    1423
    1778
    2193
    2644
    2989
    3177
    3324
    3383
    3375
    3067
    2739
    2411
    2174
    1880
    1698
    1559
    1519
    1345
    1220
    1086
     943
     799
     653
     553
     445
     351
     338
     235
     259
     200
     198
     174
     160
     167
     171
     148
     145
     159
     153
     147
     141
     159
     155
     133
     133
     154
     149
     154
     141
     160
     131
     165
     170
     131
     172
     146
     133
     127
     149
     156
     166
     149
     147
     140
     144
     135
     132
     131
     146
     161
     141
     147
     134
     152
     147
     158
     179
     169
     140
     164
     164
     131
     136
     156
     148
     158
     154
     159
     184
     159
     172
     159
     157
     157
     178
     179
     196
     182
     173
     159
     189
     186
     180
     201
     186
     205
     205
     191
     164
     175
     170
     184
     179
     177
     171
     159
     172
     202
     166
     180
     176
     178
     150
     154
     187
     174
     152
     175
     169
     170
     155
     180
     142
     146
     160
     170
     168
     169
     153
     156
     131
     174
     151
     149
     142
     152
     167
     158
     143
     133
     148
     139
     143
     138
     133
     139
     151
     128
     153
     135
     151
     126
     123
     128
     129
     144
     125
     115
     134
     124
     110
     122
     114
     137
     118
     117
     122
     111
     116
     120
     130
     107
     120
     104
     122
     118
     113
     102
     110
     102
     118
     118
     112
     113
     112
      98
      82
     119
     116
     126
      87
     116
     112
     103
     104
     147
      98
     110
     102
     112
     119
     124
     120
     111
      96
      95
     104
     113
     107
     130
     104
     106
      99
     106
     114
     115
     109
      78
      84
     101
      89
     117
      99
     120
     105
      98
     102
     101
     115
     108
      93
     107
     114
     121
     116
      91
     111
     106
     110
     120
     108
     102
     111
     109
      91
      97
     107
      93
     107
     102
     105
      87
     109
      76
     100
      90
      97
      80
      66
      85
      79
      84
      78
      83
      79
      71
      69
      67
      61
      65
      79
      73
      72
      54
      72
      74
      76
      75
      56
      69
      68
      55
      57
      75
      73
      58
      51
      66
      58
      50
      53
      59
      59
      48
      47
      55
      58
      50
      47
      45
      71
      58
      52
      62
      49
      51
      55
      55
      51
      61
      45
      57
      43
      44
      48
      75
      57
      55
      39
      43
      40
      41
      48
      44
      43
      38
      48
      40
      40
      37
      53
      38
      53
      54
      53
      54
      43
      45
      45
      47
      52
      44
      56
      49
      53
      49
      38
      43
      44
      45
      57
      44
      49
      30
      44
      29
      41
      57
      48
      34
      49
      40
      51
      48
      52
      49
      55
      58
      42
      49
      45
      59
      62
      63
      63
      65
      58
      62
      69
      78
      98
      90
      98
      96
     115
     133
     123
     125
     153
     152
     157
     168
     184
     169
     221
     215
     212
     251
     278
     281
     324
     319
     316
     337
     356
     378
     415
     388
     392
     411
     468
     442
     463
     466
     463
     512
     475
     461
     486
     478
     462
     453
     439
     431
     423
     438
     419
     400
     397
     371
     394
     380
     331
     333
     293
     296
     249
     225
     213
     194
     200
     184
     146
     160
     127
     142
     125
     125
      92
      92
      86
      86
      84
      72
      76
      70
      63
      49
      64
      50
      42
      46
      47
      37
      50
      40
      38
      25
      46
      45
      40
      41
      41
      26
      34
      34
      34
      27
      39
      29
      33
      45
      35
      52
      37
      53
      43
      36
      33
      35
      48
      37
      34
      39
      46
      33
      41
      28
      26
      38
      41
      37
      40
      33
      35
      43
      40
      28
      24
      31
      38
      39
      42
      42
      30
      34
      33
      30
      36
      32
      32
      24
      25
      31
      42
      34
      41
      30
      29
      33
      29
      38
      32
      31
      32
      29
      34
      28
      42
      38
      35
      35
      41
      30
      35
      35
      30
      39
      32
      25
      31
      30
      36
      38
      41
      36
      41
      38
      31
      42
      31
      38
      36
      38
      30
      27
      38
      34
      41
      31
      42
      30
      39
      47
      36
      25
      50
      31
      24
      36
      44
      36
      37
      33
      36
      33
      34
      40
      25
      38
      41
      52
      29
      31
      39
      30
      42
      26
      46
      44
      38
      43
      31
      36
      37
      27
      31
      30
      34
      30
      28
      36
      31
      41
      32
      37
      36
      36
      50
      36
      32
      28
      32
      30
      28
      33
      39
      33
      33
      26
      30
      36
      30
      29
      38
      25
      20
      25
      28
      27
      29
      27
      26
      34
      29
      22
      25
      26
      18
      15
      21
      15
      18
      11
      16
      16
      21
      23
      26
      24
      14
      21
      22
      14
      12
      10
      16
      18
      13
      17
      14
      20
      18
      18
       9
      14
      13
       9
      19
       9
      12
      10
      12
       5
      11
      13
       7
      15
      13
      18
      17
      10
      12
       8
      14
      11
      10
       9
       8
       7
      15
       6
       4
      17
       7
       8
       6
       7
      13
      10
      13
       5
       8
       7
       5
       6
       9
       7
       8
      11
       4
      13
       7
      10
       3
       6
       8
      12
       3
      10
       5
      10
       7
       4
       4
       9
       8
       8
       4
       7
       7
       9
       6
       5
       4
      10
       5
       7
       8
       7
      10
       8
      10
       6
       8
       8
       8
       8
      11
      15
      12
      11
      16
      21
      14
      18
      18
      27
      22
      14
      22
      16
      26
      26
      22
      25
      31
      26
      33
      27
      26
      39
      47
      39
      45
      38
      40
      45
      59
      39
      55
      56
      66
      70
      64
      57
      73
      72
      64
      84
     102
      79
      89
      86
      97
     112
     102
     111
     115
     113
      95
     128
     110
     117
     113
     127
     117
     122
     110
     126
     131
     116
     129
     131
     136
     119
     110
     109
     130
     120
     122
     113
     131
     117
     105
      97
     102
     108
      96
      83
      88
      91
      86
      81
      75
      73
      75
      73
      59
      65
      53
      47
      51
      44
      53
      41
      30
      35
      30
      33
      31
      29
      23
      27
      23
      22
      22
      25
      21
      14
      22
      18
       8
      10
       5
      12
      12
       8
       7
      12
       8
       9
       9
       8
      10
       9
       4
      12
       6
       8
       7
       8
       4
       8
       7
       6
       4
       4
       4
       6
       5
       8
       5
       3
       9
       4
       3
       5
       4
       5
       5
       3
       5
       6
       4
       4
       3
       3
       3
       4
       7
       0
       2
       5
       3
       6
       5
       4
       8
       3
       3
       5
       2
       3
       2
       2
       3
       0
       6
       1
       4
       4
       4
       4
       4
       7
       5
       4
       5
       2
       2
       5
       2
       2
       5
       3
       2
       3
       1
       5
       6
       5
       1
       2
       2
       6
       2
       5
       3
       4
       4
       4
       4
       5
       8
       3
       5
       4
       8
       4
       7
       1
       4
       5
       5
       5
       5
       5
       5
       2
       3
       5
       0
       7
       2
       3
       6
       7
       4
       7
      10
       2
       6
       3
       4
       3
       5
       4
       5
       2
       1
       3
       3
       3
       4
       4
       2
       5
       3
       3
       5
       5
       7
       3
       7
       2
       3
       2
       2
       4
       3
       4
       8
       3
       4
       3
       4
       1
       2
       3
       2
       3
       6
       2
       1
       2
       5
       4
       3
       5
       4
       4
       4
       4
       9
       6
       6
       4
       2
       2
       2
       4
       4
       7
       5
       5
       3
       4
       1
       3
       5
       4
       5
       3
       4
       3
       4
       5
       3
       4
       7
       2
       4
       5
       4
       5
       6
       5
       3
       7
       5
       6
       7
       4
       6
       7
       2
       4
       3
       3
       5
       6
       5
       7
       1
       4
       7
       1
       6
       1
       2
       3
       7
       5
       7
       3
       2
       7
       5
       8
       4
       9
       4
       9
       4
       6
       6
       8
       9
       3
       4
       4
       4
       5
       4
       6
       8
       8
       6
       6
       2
       3
       1
       1
       4
       9
       9
       5
       7
       7
       3
       4
       4
       3
       7
       3
       3
       7
       3
       2
       2
       5
       0
       4
       1
       4
       6
       5
       3
       3
       2
       3
       1
       3
       3
       2
       0
       3
       4
       3
       3
       1
       3
       3
       4
       3
       2
       2
       2
       2
       3
       1
       4
       2
       3
       4
       5
       3
       0
       3
       0
       2
       3
       3
       1
       3
       0
       1
       4
       0
       2
       1
       2
       1
       2
       1
       0
       0
       0
       2
       2
       0
       5
       1
       2
       2
       0
       1
       3
       3
       1
       0
       1
       0
       1
       0
       1
       2
       1
       2
       1
       1
       1
       2
       1
       2
       2
       1
       3
       2
       0
       3
       0
       2
       0
       1
       1
       2
       2
       0
       1
       2
       1
       0
       1
       1
       4
       1
       2
       3
       0
       4
       2
       4
       4
       2
       0
       1
       2
       4
       2
       2
       5
       0
       3
       0
       1
       1
       5
       1
       1
       3
       1
       1
       1
       6
       0
       2
       7
       5
       5
       4
       2
       2
       2
       3
       5
       3
       3
       1
       7
       2
       0
       2
       3
       2
       3
       3
       2
       5
       0
       3
       1
       4
       3
       3
       4
       6
       5
       4
       5
       1
       5
      10
       6
       2
       2
       1
       1
       1
       6
       1
       4
       1
       4
       4
       2
       1
       5
       2
       4
       2
       2
       3
       5
       3
       1
       2
       3
       6
       4
       2
       3
       5
       2
       9
       6
       3
       2
       2
       2
       6
       4
       4
       3
       1
       3
       0
       7
       4
       8
       4
       7
       2
       2
       2
       1
       7
       7
       5
       7
       4
       2
       8
       7
       7
       8
       9
       4
      13
       4
       3
       8
       7
       5
       4
       5
       6
       4
       4
       4
       3
       3
       6
       3
       3
       8
       6
       3
       4
       4
       6
       1
       5
       5
       4
       3
       2
       2
       3
       0
       1
       3
       1
       0
       0
       0
       2
       1
       2
       4
       2
       0
       0
       1
       2
       2
       0
       2
       2
       1
       1
       1
       0
       1
       1
       1
       1
       0
       0
       0
       0
       1
       1
       1
       0
       0
       0
       2
       0
       0
       0
       1
       0
       1
       1
       1
       1
       0
       0
       0
       0
       1
       0
       0
       0
       0
       0
       1
       1
       0
       0
       0
       0
       1
       0
       0
       1
       1
       1
       1
       0
       0
       0
       0
       0
       0
       1
       0
       0
       0
       0
       0
       0
       0
       0
       0
       0
       0
       0
       0
       0
       1
       0
       0
       0
       0
       0
       0
       0
       0
       0
       0
       0
       0
       0
       1
       1
       0
       0
       1
       0
       0
       0
       0
       0
       1
       0
       1
       0
       0
       1
       0
       0
       0
       0
       0
       2
       0
       1
       0
       0
       0
       0
       0
       0
       0
       1
       0
       0
       0
       0
       1
       0
       0
       0
       0
       0
       0
       0
       0
       0
       0
       0
       0
       0
       0
       0
       0
       0
       0
       0
       0
       0
       0
       0
       0
       1
       0
       0
       0
       0
       0
       0
       0
       0
       0
       0
       0
       0
       0
       0
       0
       0
       1
       0
       0
       0
       0
       0
       0
       0
       0
       0
       0
       0
       0
       0
       0
       0
       1
       0
       1
       0
       0
       0
       0
       0
       1
       0
       0
       0
       1
       2
       1
       1
       1
       0
       0
       1
       1
       0
       0
       0
       0
       0
       0
       0
       1
       0
       0
       1
       0
       0
       1
       0
       0
       0
       1
       0
       0
       1
       1
       0
       0
       0
       0
       0
       0
       1
       0
       0
       0
       0
       0
       1
       0
       0
       1
       0
       0
       0
       0
       0
       0
       0
       1
       0
       0
       0
       0
       0
       2
       0
       0
       0
       1
       0
       0
       0
       0
       0
       0
       0
       0
       0
       0
       0
       0
       0
       0
       0
       0
       0
       0
       0
       0
       0
       0
       1
       0
       0
       0
       0
       0
       0
       0
       0
       0
       0
       1
       0
       0
       0
       0
       0
       0
       0
       0
       0
       0
       0
       1
       0
       0
       0
       0
       0
       0
       0
       0
       0
       0
       0
       0
       0
       0
       0
       0
       0
       0
       1
       0
       0
       1
       0
       0
       0
       0
       0
       0
       1
       0
       0
       1
       1
       0
       0
       0
       0
       0
       0
       0
       0
       0
       0
       0
       0
       0
       1
       0
       1
       0
       0
       1
       0
       0
       0
       0
       0
       0
       0
       0
       0
       0
       0
       0
       0
       1
       0
       1
       1
       0
       0
       0
       0
       0
       0
       0
       0
       0
       0
       0
       0
       0
       0
       0
       0
       0
       0
       0
       0
       0
       0
       0
       0
       0
       0
       0
       0
       0
       0
       0
       0
       0
       0
       0
       0
       0
       0
       0
       1
       0
       0
       0
       0
       0
       1
       0
       0
       0
       0
       0
       0
       0
       0
       0
       0
       0
       0
       0
       0
       0
       0
       0
       0
       0
       0
       0
       0
       0
       0
       0
       0
       0
       0
       0
       0
       0
       1
       0
       0
       1
       0
       0
       0
       0
       0
       0
       0
       0
       0
       0
       2
       0
       1
       1
       0
       0
       0
       0
       0
       0
       0
       0
       0
       0
       0
       0
       0
       0
       0
       0
       0
       0
       0
       0
       0
       0
       0
       0
       0
       0
       0
       0
       0
       0
       0
       0
       0
       0
       0
       0
       0
       0
       0
       0
       0
       0
       0
       0
       0
       0
       0
       0
       0
       0
       0
       0
       0
       0
       0
       0
       0
$ROI:
2
402 485
999 1133
$PRESETS:
None
0
0
$ENER_FIT:
-31.477690 1.224967
$MCA_CAL:
3
-3.147769E+001 1.224967E+000 0.000000E+000 keV
$SHAPE_CAL:
3
2.181683E+001 3.254661E-002 0.000000E+000
