$SPEC_ID:
No sample description was entered.
$SPEC_REM:
DET# 6
DETDESC# PHY-NUCLAB-08 MCB 132
AP# Maestro Version 7.01
$DATE_MEA:
03/01/2024 15:30:33
$MEAS_TIM:
347 348
$DATA:
0 2047
       0
       0
       0
       0
       0
       0
       0
       0
       0
       0
       0
       0
       0
       0
       0
       0
       0
       0
       0
      43
      85
      73
      76
      98
     100
     112
      78
     104
     113
     111
     111
     102
     101
     104
      93
     106
     106
     114
     118
     115
     122
     120
     151
     125
     124
     130
     163
     140
     145
     153
     160
     168
     190
     183
     167
     205
     206
     205
     216
     218
     217
     284
     318
     335
     326
     323
     366
     376
     377
     377
     356
     393
     389
     380
     377
     327
     320
     319
     339
     335
     327
     352
     347
     357
     378
     326
     349
     318
     359
     306
     321
     327
     333
     332
     332
     338
     323
     337
     346
     329
     347
     327
     323
     309
     323
     322
     332
     298
     343
     329
     311
     322
     334
     332
     310
     293
     287
     295
     314
     304
     327
     288
     292
     334
     304
     286
     325
     285
     272
     274
     293
     274
     287
     293
     274
     263
     262
     255
     236
     273
     263
     214
     258
     242
     232
     248
     224
     242
     228
     235
     241
     223
     236
     258
     238
     226
     219
     237
     219
     236
     220
     199
     205
     200
     210
     191
     212
     209
     179
     230
     207
     202
     194
     195
     178
     183
     184
     198
     204
     186
     200
     201
     185
     184
     172
     204
     156
     217
     190
     182
     173
     188
     172
     172
     139
     180
     166
     190
     212
     168
     183
     161
     172
     154
     163
     156
     165
     152
     155
     186
     164
     159
     139
     160
     138
     143
     153
     146
     161
     127
     128
     143
     127
     127
     141
     113
     151
     141
     116
     118
     113
     114
     130
     128
     120
     121
     118
     124
     124
     110
     115
     128
     109
     108
     103
     113
      95
      91
     108
      85
     123
      94
      96
      86
      96
     101
      82
      96
     113
      85
      87
      85
      96
     101
      86
      98
      79
      88
      77
      99
      82
      99
      76
      71
      76
      92
      76
      99
      80
      78
      84
      68
      87
      75
      77
      83
      68
      77
      56
      77
      72
      79
      73
      74
      75
      64
      77
      81
      76
      63
      69
      58
      61
      63
      68
      68
      67
      82
      69
      79
      68
      64
      75
      66
      59
      50
      53
      68
      55
      61
      60
      61
      64
      63
      47
      58
      48
      51
      54
      58
      63
      51
      51
      49
      40
      63
      39
      48
      47
      48
      43
      54
      42
      40
      32
      47
      56
      51
      48
      57
      53
      47
      52
      51
      53
      51
      37
      38
      48
      44
      33
      53
      50
      54
      49
      52
      43
      47
      44
      36
      47
      50
      49
      38
      49
      50
      49
      48
      38
      49
      50
      48
      31
      38
      46
      51
      37
      42
      38
      35
      38
      48
      48
      42
      32
      43
      60
      40
      37
      42
      44
      26
      42
      42
      44
      43
      41
      43
      45
      32
      48
      35
      43
      38
      43
      40
      28
      44
      38
      38
      48
      41
      32
      41
      40
      56
      30
      50
      43
      38
      37
      34
      42
      37
      30
      46
      43
      35
      27
      46
      44
      38
      39
      45
      32
      39
      36
      38
      28
      39
      43
      33
      44
      34
      37
      33
      35
      30
      30
      33
      39
      35
      40
      22
      39
      32
      20
      33
      39
      31
      40
      27
      38
      25
      33
      28
      38
      29
      27
      45
      36
      34
      36
      52
      36
      33
      36
      37
      34
      28
      30
      33
      32
      25
      29
      41
      45
      38
      25
      38
      40
      28
      47
      44
      32
      30
      34
      32
      39
      43
      30
      34
      35
      30
      27
      24
      32
      39
      41
      19
      29
      42
      34
      36
      37
      32
      36
      37
      41
      21
      37
      32
      27
      30
      28
      38
      25
      33
      37
      22
      20
      29
      35
      45
      24
      30
      24
      24
      21
      22
      21
      21
      37
      32
      32
      29
      15
      20
      22
      18
      31
      31
      23
      26
      26
      22
      27
      22
      28
      28
      28
      21
      25
      22
      14
      24
      20
      25
      32
      20
      31
      30
      28
      30
      34
      16
      23
      28
      22
      19
      31
      29
      25
      20
      25
      15
      26
      28
      24
      27
      24
      24
      19
      25
      16
      22
      26
      27
      44
      29
      31
      16
      21
      14
      28
      26
      29
      32
      32
      18
      23
      24
      27
      27
      19
      21
      20
      22
      24
      26
      27
      20
      23
      32
      29
      24
      21
      25
      21
      22
      22
      24
      27
      30
      23
      36
      23
      26
      29
      25
      23
      19
       6
      21
      19
      26
      23
      33
      24
      27
      14
       9
      16
      26
      23
      20
      33
      21
      24
      28
      20
      23
      22
      26
      15
      19
      31
      27
      25
      19
      20
      16
      20
      36
      30
      15
      30
      27
      20
      26
      19
      20
      26
      28
      25
      24
      21
      31
      19
      26
      20
      21
      16
      25
      27
      20
      25
      28
      18
      24
      26
      14
      27
      14
      18
      22
      25
      18
      26
      22
      14
      19
      23
      20
      22
      22
      25
      24
      36
      21
      30
      18
      24
      32
      23
      22
      25
      21
      23
      16
      34
      22
      24
      32
      13
      35
      30
      31
      20
      25
      24
      20
      31
      29
      22
      27
      24
      25
      24
      39
      25
      25
      21
      26
      32
      22
      22
      27
      31
      21
      26
      30
      22
      22
      24
      25
      26
      23
      21
      30
      18
      28
      31
      20
      21
      21
      26
      24
      26
      28
      24
      25
      19
      17
      23
      17
      18
      11
      17
      24
      17
      28
      26
      26
      27
      29
      15
      15
      18
      14
      28
      24
      18
      21
      16
      13
      20
      23
      13
      17
      15
      13
      24
      24
      18
      23
      33
      24
      16
      20
      23
      15
      15
      13
      17
      16
      29
      13
      16
      20
      19
      29
      18
      15
       8
       9
      20
      17
      17
      18
      13
      20
      16
       7
      17
      11
      26
      20
      20
      19
      14
      13
      18
      17
      13
      23
      23
      15
      17
      18
      19
      18
      12
      11
       8
      15
      19
      17
      17
      16
      13
      13
      14
      17
      13
      19
      17
      16
      17
      16
      16
       7
      11
      18
      12
      12
      12
      20
      18
      16
      17
      10
      12
      16
      15
       9
      11
      19
      15
      10
      18
      13
      23
      15
      11
      18
      15
      12
      17
      17
      13
      20
      15
      15
      17
      16
      13
      11
      13
      22
      21
      15
      16
      21
      13
      17
      24
      21
      13
      18
      24
      25
      23
      13
      19
      22
      18
      31
      26
      24
      25
      24
      26
      26
      24
      39
      34
      30
      30
      32
      37
      45
      24
      35
      26
      30
      45
      21
      34
      46
      33
      37
      36
      46
      35
      46
      41
      38
      36
      34
      23
      35
      39
      32
      42
      48
      31
      47
      39
      46
      29
      29
      38
      33
      30
      33
      41
      42
      32
      22
      33
      14
      23
      26
      30
      20
      28
      19
      22
      20
      21
      25
      24
      19
      14
      17
      19
      18
      18
      14
      12
      12
      16
      12
      13
      16
      13
      20
       6
      11
      10
       9
       6
       5
       7
       4
       7
       9
       5
       6
       2
       6
       5
       9
       5
       9
       9
       4
      10
      13
       7
       4
       7
       8
       5
       9
       8
       7
      10
      21
      10
      10
       6
      11
      16
       7
       8
      10
      16
      11
      16
      12
       8
      20
      15
       8
      12
      23
      22
      19
      22
      19
      22
      16
      25
      22
      25
      19
      18
      22
      20
      24
      27
      21
      24
      31
      23
      31
      32
      22
      27
      22
      23
      28
      41
      24
      25
      23
      40
      23
      31
      27
      26
      22
      20
      28
      25
      23
      39
      31
      21
      22
      26
      31
      27
      24
      24
      16
      22
      25
      20
      22
      22
      14
      17
      19
      17
      16
      16
      13
      16
      15
      20
      15
      17
      15
      17
      17
       8
      11
      10
       5
       9
       7
      18
      11
       2
       9
      13
      10
       6
       1
       8
       3
      11
      10
       8
       8
       9
       9
       5
       5
       8
       3
       8
      11
      10
      11
      12
       5
      11
      14
      13
       6
      10
       3
       5
       6
       9
       6
      10
       7
      12
      10
      10
      12
       6
       9
      11
      10
      13
      16
      15
       8
       8
      11
      10
      20
      12
      11
       9
      14
       9
       8
      10
      14
      11
      11
      11
      17
       8
      10
      17
       7
      10
       8
       7
       7
      16
      11
      19
       9
       5
      12
       9
       8
       4
       7
      12
       5
       8
       7
       3
       8
       5
      12
       3
      12
       7
       4
       4
       6
       5
       4
       4
       5
       6
       5
       1
       8
       6
       6
       4
       3
       3
       5
       3
       0
       2
       6
       5
       2
       4
       4
       3
       4
       1
       4
       1
       1
       2
       2
       3
       2
       2
       3
       1
       0
       3
       5
       0
       1
       4
       0
       4
       4
       2
       4
       1
       0
       1
       0
       2
       1
       1
       1
       0
       2
       2
       3
       3
       3
       4
       3
       1
       1
       4
       1
       0
       3
       3
       1
       1
       2
       2
       0
       1
       1
       2
       1
       2
       0
       0
       1
       0
       2
       1
       2
       1
       1
       5
       2
       5
       2
       1
       3
       0
       1
       0
       2
       1
       1
       3
       1
       2
       0
       1
       0
       2
       0
       0
       2
       1
       0
       1
       1
       2
       5
       2
       2
       0
       1
       1
       3
       2
       4
       1
       0
       0
       3
       3
       3
       1
       3
       2
       0
       2
       1
       0
       1
       1
       1
       1
       0
       2
       0
       0
       1
       1
       6
       1
       1
       1
       3
       2
       0
       1
       0
       0
       1
       0
       3
       0
       1
       1
       1
       0
       0
       3
       0
       2
       2
       1
       1
       0
       3
       2
       1
       2
       0
       2
       2
       1
       1
       2
       1
       1
       1
       0
       1
       2
       1
       0
       4
       0
       2
       3
       1
       2
       2
       0
       2
       3
       1
       0
       2
       0
       3
       2
       3
       1
       1
       1
       1
       2
       3
       2
       1
       0
       2
       3
       2
       2
       0
       0
       1
       3
       4
       0
       3
       1
       1
       1
       2
       1
       0
       1
       1
       3
       0
       1
       0
       3
       1
       0
       4
       0
       3
       3
       0
       0
       1
       2
       1
       3
       0
       1
       2
       1
       1
       1
       0
       1
       2
       1
       1
       1
       1
       0
       4
       1
       0
       1
       0
       1
       1
       0
       2
       1
       0
       0
       1
       2
       0
       0
       0
       0
       1
       2
       3
       0
       0
       2
       0
       2
       1
       1
       3
       0
       0
       0
       1
       0
       1
       0
       0
       1
       3
       1
       1
       2
       0
       0
       1
       0
       0
       0
       1
       1
       0
       1
       1
       0
       1
       2
       0
       1
       1
       1
       1
       1
       0
       2
       2
       2
       0
       0
       0
       0
       0
       0
       1
       1
       1
       2
       0
       0
       2
       0
       2
       1
       0
       1
       1
       0
       0
       0
       1
       1
       0
       0
       0
       3
       0
       2
       2
       2
       1
       1
       3
       0
       0
       0
       2
       0
       0
       0
       2
       2
       0
       0
       0
       1
       1
       2
       0
       2
       1
       3
       1
       0
       1
       0
       1
       0
       0
       0
       0
       2
       1
       1
       0
       0
       1
       1
       1
       0
       0
       0
       1
       0
       2
       1
       0
       1
       0
       0
       1
       0
       0
       2
       0
       1
       0
       2
       0
       1
       0
       1
       0
       0
       1
       1
       0
       0
       0
       2
       1
       0
       1
       0
       1
       0
       0
       1
       1
       3
       0
       1
       4
       1
       1
       2
       1
       0
       0
       1
       0
       3
       0
       2
       3
       1
       1
       0
       2
       0
       1
       1
       1
       1
       0
       1
       1
       0
       1
       2
       0
       0
       2
       0
       1
       2
       1
       0
       2
       0
       0
       0
       0
       2
       1
       0
       0
       0
       1
       1
       1
       0
       0
       0
       1
       1
       0
       0
       4
       1
       0
       1
       1
       1
       1
       1
       1
       0
       1
       1
       0
       0
       2
       1
       0
       2
       0
       1
       1
       0
       0
       0
       2
       1
       1
       0
       1
       0
       1
       0
       2
       1
       1
       0
       0
       0
       0
       1
       1
       0
       1
       0
       2
       1
       0
       0
       1
       0
       0
       0
       0
       1
       0
       0
       2
       1
       0
       0
       0
       2
       0
       4
       0
       4
       3
       1
       4
       2
       1
       4
       0
       0
       1
       0
       2
       0
       1
       1
       0
       1
       0
       0
       2
       0
       1
       0
       1
       0
       0
       1
       0
       0
       4
       1
       0
       0
       0
       1
       1
       0
       1
       3
       0
       0
       0
       0
       1
       0
       0
       0
       1
       1
       1
       0
       0
       1
       1
       0
       1
       0
       0
       1
       0
       1
       1
       0
       0
       0
       0
       0
       0
       1
       1
       1
       1
       0
       0
       0
       0
       1
       0
       0
       0
       1
       0
       2
       0
       0
       2
       2
       0
       0
       0
       1
       0
       0
       2
       1
       0
       0
       1
       1
       0
       2
       0
       0
       0
       0
       0
       1
       1
       0
       1
       0
       0
       0
       2
       2
       0
       1
       2
       1
       0
       0
       0
       0
       1
       0
       1
       0
       0
       0
       0
       3
       0
       1
       0
       0
       1
       1
       0
       0
       1
       0
       0
       1
       0
       0
       0
       0
       1
       0
       0
       1
       1
       1
       1
       1
       0
       0
       0
       0
       0
       0
       1
       0
       0
       1
       0
       0
       0
       0
       0
       0
       0
       0
       0
       0
       0
       0
       0
       0
       0
       0
       0
       0
       0
       0
       0
       0
       0
       0
       0
       0
       0
       0
       0
       0
       0
       0
       0
       0
       0
       0
       0
       0
       0
       0
       0
       0
       0
       0
       0
       0
       0
       0
       0
       0
       0
       0
       0
       0
       0
       0
       0
       0
       0
       0
       0
       0
       0
$ROI:
3
941 1027
1070 1155
1181 1260
$PRESETS:
None
0
0
$ENER_FIT:
-31.477690 1.224967
$MCA_CAL:
3
-3.147769E+001 1.224967E+000 0.000000E+000 keV
$SHAPE_CAL:
3
2.181683E+001 3.254661E-002 0.000000E+000
