$SPEC_ID:
No sample description was entered.
$SPEC_REM:
DET# 6
DETDESC# PHY-NUCLAB-08 MCB 132
AP# Maestro Version 7.01
$DATE_MEA:
03/01/2024 15:00:33
$MEAS_TIM:
39 40
$DATA:
0 2047
       0
       0
       0
       0
       0
       0
       0
       0
       0
       0
       0
       0
       0
       0
       0
       0
       0
       0
       0
      17
      43
      50
      54
      76
      81
     142
     172
     260
     315
     340
     356
     367
     273
     206
     167
     161
     117
      91
      77
      77
      57
      78
      59
      59
      71
      53
      61
      54
      67
      50
      53
      67
      49
      67
      46
      66
      65
      74
      48
      66
      63
      80
      69
      74
      68
     102
      91
     104
      95
      91
      99
      87
      86
      93
      90
      90
      92
      79
      85
      85
      93
      86
      96
      75
      77
      92
      69
      68
      79
      94
      87
      74
      80
      70
      74
      69
      76
      80
      82
      75
      96
      83
      77
      77
      77
      86
      70
      74
      77
      79
      90
      70
      83
      90
      80
      88
      64
      60
      79
      74
      80
      89
      75
      72
      68
      83
      70
      81
      74
      71
      79
      83
      83
      77
      79
      66
      82
      72
      77
      82
      81
      73
      62
      89
      76
      74
      80
      78
      95
      77
      71
      53
      80
      75
      64
      91
      85
      69
      84
      81
      78
      89
      96
      65
     103
      86
     107
     115
      82
     114
     107
      99
      81
      89
     105
     123
      90
      94
      87
      88
      88
      82
      78
      86
      96
      84
      96
      89
      84
      84
      77
      86
      71
      84
      97
      89
      68
      60
      78
      61
      83
      75
      65
      66
      65
      71
      62
      76
      52
      69
      74
      59
      76
      61
      67
      70
      65
      66
      65
      71
      54
      65
      51
      60
      47
      56
      53
      45
      68
      51
      45
      48
      60
      62
      57
      51
      70
      61
      59
      56
      52
      56
      40
      74
      48
      57
      38
      54
      59
      51
      56
      54
      55
      53
      56
      55
      50
      61
      58
      54
      43
      48
      46
      51
      53
      62
      40
      41
      41
      51
      47
      51
      38
      54
      62
      49
      59
      47
      53
      54
      54
      46
      48
      51
      42
      50
      49
      45
      57
      42
      49
      54
      51
      52
      53
      55
      53
      54
      44
      44
      52
      51
      53
      56
      44
      41
      46
      41
      56
      52
      39
      40
      47
      38
      61
      45
      46
      49
      50
      48
      41
      36
      56
      44
      44
      37
      40
      51
      51
      44
      49
      45
      56
      49
      44
      41
      56
      39
      37
      40
      29
      60
      54
      45
      44
      50
      46
      56
      46
      39
      45
      46
      52
      53
      45
      44
      39
      41
      33
      48
      58
      56
      43
      43
      52
      53
      49
      46
      44
      59
      62
      48
      37
      50
      47
      47
      50
      43
      43
      54
      48
      46
      40
      33
      59
      55
      40
      51
      38
      44
      38
      36
      48
      45
      43
      35
      48
      34
      26
      28
      29
      37
      30
      32
      28
      40
      37
      22
      26
      27
      31
      25
      21
      17
      26
      22
      20
      13
      15
      24
      18
      17
      14
      17
      21
      21
      18
      19
      11
      25
      17
      11
      14
      14
      19
       6
      10
      16
      13
      15
      17
      10
      14
      14
      10
      24
       8
      16
      14
      10
      15
      10
      10
       4
      13
       8
       9
      11
      18
      15
      11
      11
      12
       8
      13
      15
      10
      12
      12
      10
      10
      17
       4
       5
      11
      11
       7
      20
      10
       7
      10
      11
      11
       6
       5
      19
       9
      13
       7
      14
      10
       7
       6
      13
       5
      10
       7
       8
       4
       6
       8
      10
       6
      11
       8
       8
       6
       8
       8
       7
      11
      21
      15
      12
      19
      16
      18
      17
      13
      14
      25
      21
      29
      23
      29
      17
      23
      37
      27
      53
      44
      45
      50
      62
      69
      72
      69
      68
      88
      84
      99
     102
     109
     119
     133
     128
     133
     154
     160
     161
     169
     195
     167
     202
     216
     216
     223
     232
     242
     246
     264
     254
     236
     236
     242
     269
     294
     272
     254
     234
     239
     257
     241
     258
     246
     203
     225
     207
     235
     190
     176
     184
     160
     156
     144
     138
     116
     118
     119
     119
      95
      79
      83
      70
      73
      65
      75
      59
      48
      40
      34
      39
      23
      27
      18
      26
      16
      27
      18
       9
      14
       9
       9
       4
       6
       4
       4
       4
      10
       1
       1
       2
       1
       2
       2
       4
       3
       1
       0
       5
       1
       2
       4
       4
       2
       2
       1
       0
       2
       2
       1
       1
       1
       2
       2
       0
       4
       2
       2
       0
       2
       1
       3
       1
       1
       0
       0
       1
       1
       3
       2
       1
       1
       1
       2
       2
       2
       1
       3
       1
       0
       0
       1
       0
       1
       4
       3
       1
       1
       0
       1
       1
       1
       0
       1
       1
       4
       2
       1
       3
       0
       2
       0
       0
       3
       3
       3
       3
       0
       3
       1
       0
       0
       1
       3
       3
       2
       0
       1
       0
       1
       2
       1
       0
       1
       0
       1
       0
       1
       1
       2
       2
       1
       2
       4
       0
       2
       2
       2
       0
       2
       1
       1
       1
       3
       0
       1
       2
       0
       4
       3
       2
       0
       1
       4
       1
       0
       3
       1
       1
       0
       1
       1
       0
       2
       3
       2
       4
       2
       1
       1
       3
       1
       2
       0
       2
       2
       1
       2
       1
       4
       1
       2
       3
       1
       1
       0
       3
       1
       0
       1
       0
       0
       0
       1
       0
       1
       2
       1
       0
       5
       2
       3
       1
       1
       0
       0
       1
       0
       0
       2
       0
       0
       0
       1
       2
       2
       1
       3
       0
       3
       1
       0
       1
       2
       2
       1
       1
       2
       0
       0
       1
       1
       2
       1
       2
       2
       2
       0
       0
       4
       2
       1
       1
       0
       2
       0
       0
       0
       0
       1
       1
       0
       0
       1
       1
       1
       1
       1
       0
       1
       1
       0
       0
       1
       0
       1
       1
       1
       0
       0
       0
       1
       2
       0
       0
       0
       1
       2
       0
       1
       0
       0
       5
       0
       2
       0
       1
       2
       0
       0
       1
       0
       1
       2
       1
       1
       0
       1
       0
       0
       0
       0
       1
       2
       2
       0
       2
       0
       0
       1
       2
       0
       0
       2
       0
       1
       0
       1
       1
       0
       1
       3
       0
       1
       5
       2
       1
       1
       2
       0
       1
       0
       0
       1
       1
       0
       3
       1
       0
       2
       0
       4
       1
       0
       2
       2
       2
       1
       0
       2
       1
       0
       1
       1
       0
       1
       2
       0
       1
       1
       1
       1
       1
       1
       0
       0
       2
       1
       0
       1
       4
       0
       0
       0
       2
       0
       1
       0
       1
       0
       0
       1
       0
       0
       2
       1
       1
       0
       0
       0
       1
       0
       0
       2
       1
       0
       1
       1
       1
       1
       0
       1
       0
       1
       1
       0
       0
       0
       2
       0
       0
       1
       0
       1
       0
       0
       2
       0
       0
       0
       2
       0
       0
       0
       1
       1
       1
       1
       0
       1
       0
       1
       0
       0
       1
       0
       0
       1
       1
       0
       0
       0
       1
       1
       0
       0
       2
       2
       0
       0
       0
       1
       1
       0
       0
       1
       0
       1
       0
       1
       1
       0
       0
       0
       0
       0
       1
       0
       0
       0
       1
       0
       1
       0
       0
       1
       0
       0
       2
       0
       0
       1
       1
       1
       0
       1
       1
       1
       0
       0
       0
       0
       2
       0
       0
       1
       1
       0
       1
       0
       0
       0
       2
       0
       0
       0
       0
       0
       0
       0
       0
       0
       0
       0
       1
       0
       1
       1
       0
       1
       0
       0
       1
       0
       0
       1
       0
       1
       0
       0
       1
       0
       0
       1
       1
       1
       0
       1
       0
       2
       1
       1
       0
       0
       0
       1
       0
       0
       0
       0
       0
       0
       0
       1
       1
       0
       0
       0
       0
       1
       2
       0
       1
       1
       1
       0
       0
       0
       2
       0
       1
       0
       0
       0
       0
       0
       0
       0
       0
       0
       2
       1
       1
       0
       2
       0
       0
       5
       1
       0
       0
       0
       1
       0
       1
       0
       1
       2
       1
       0
       0
       1
       1
       1
       2
       1
       2
       1
       0
       1
       1
       0
       2
       2
       2
       0
       1
       1
       1
       1
       0
       5
       0
       0
       2
       1
       2
       2
       3
       0
       2
       2
       1
       1
       0
       2
       0
       3
       0
       1
       0
       0
       1
       0
       2
       1
       0
       3
       2
       3
       1
       1
       1
       1
       0
       0
       0
       1
       0
       0
       1
       2
       0
       0
       3
       1
       0
       1
       1
       2
       0
       0
       0
       0
       0
       0
       1
       1
       0
       0
       0
       0
       0
       0
       0
       0
       0
       0
       0
       0
       0
       0
       0
       0
       1
       0
       1
       0
       1
       0
       0
       0
       0
       0
       0
       0
       0
       0
       0
       1
       0
       0
       0
       1
       0
       0
       0
       0
       0
       0
       0
       0
       0
       0
       0
       0
       0
       0
       0
       0
       0
       1
       0
       0
       0
       1
       0
       0
       0
       0
       0
       0
       0
       0
       0
       0
       0
       0
       0
       0
       0
       0
       0
       1
       0
       0
       0
       0
       0
       1
       1
       0
       0
       0
       0
       0
       0
       0
       0
       0
       0
       0
       0
       0
       0
       0
       0
       0
       1
       0
       0
       0
       0
       0
       0
       0
       0
       0
       0
       0
       0
       0
       0
       0
       0
       0
       0
       0
       0
       0
       0
       1
       0
       0
       0
       0
       0
       0
       0
       0
       0
       0
       1
       0
       0
       0
       0
       0
       0
       0
       0
       0
       0
       0
       0
       0
       0
       0
       0
       0
       0
       0
       0
       1
       0
       0
       0
       0
       0
       0
       0
       0
       0
       0
       1
       0
       0
       0
       0
       0
       0
       0
       0
       1
       0
       0
       1
       0
       0
       0
       0
       0
       0
       0
       0
       0
       0
       0
       0
       0
       0
       1
       0
       1
       1
       0
       0
       1
       0
       0
       1
       0
       0
       0
       1
       0
       0
       2
       0
       0
       0
       0
       0
       0
       0
       0
       0
       0
       0
       0
       0
       0
       0
       0
       1
       0
       0
       0
       0
       0
       0
       0
       0
       0
       0
       0
       0
       0
       0
       0
       0
       0
       0
       0
       0
       0
       0
       0
       0
       0
       0
       0
       0
       0
       0
       0
       0
       0
       0
       0
       0
       0
       0
       0
       0
       0
       0
       0
       0
       0
       0
       0
       0
       0
       0
       0
       0
       0
       0
       0
       0
       0
       1
       0
       0
       0
       0
       0
       0
       0
       0
       0
       0
       0
       0
       0
       0
       0
       0
       0
       0
       0
       1
       0
       0
       0
       0
       0
       0
       0
       0
       1
       0
       0
       0
       0
       0
       0
       0
       0
       0
       0
       0
       0
       0
       0
       0
       0
       0
       0
       0
       0
       0
       0
       0
       0
       0
       0
       1
       0
       0
       0
       0
       0
       0
       0
       0
       0
       1
       0
       1
       0
       0
       0
       1
       0
       0
       0
       0
       0
       0
       0
       0
       0
       0
       0
       0
       0
       0
       1
       0
       0
       0
       0
       0
       0
       0
       0
       0
       1
       0
       0
       0
       0
       0
       0
       0
       0
       0
       0
       0
       0
       0
       0
       1
       0
       0
       0
       0
       0
       0
       0
       1
       0
       0
       0
       0
       0
       0
       0
       0
       0
       0
       0
       0
       0
       0
       0
       0
       0
       0
       0
       0
       0
       0
       0
       0
       0
       0
       0
       0
       0
       0
       0
       1
       0
       0
       0
       0
       0
       1
       0
       0
       0
       0
       0
       0
       0
       0
       0
       0
       0
       0
       0
       1
       0
       0
       0
       0
       1
       0
       0
       0
       0
       0
       0
       0
       1
       0
       0
       0
       0
       0
       0
       0
       0
       0
       0
       0
       0
       0
       0
       1
       0
       0
       0
       0
       1
       0
       0
       0
       1
       0
       0
       0
       0
       0
       0
       1
       0
       0
       0
       0
       0
       1
       0
       0
       0
       0
       0
       0
       0
       1
       0
       0
       1
       0
       0
       0
       0
       0
       0
       0
       0
       0
       0
       0
       0
       0
       0
       0
       0
       0
       0
       0
       0
       1
       0
       0
       0
       0
       0
       0
       1
       0
       1
       0
       0
       0
       0
       0
       0
       0
       0
       0
       0
       0
       0
       0
       1
       0
       0
       0
       0
       0
       0
       0
       0
       0
       0
       0
       0
       0
       0
       0
       0
       0
       0
       0
       0
       0
       0
       1
       0
       0
       0
       0
       0
       0
       0
       0
       0
       0
       0
       0
       0
       0
       1
       0
       0
       0
       0
       0
       0
       0
       0
       0
       0
       0
       0
       0
       0
       0
       0
       0
       0
       0
       0
       1
       0
       0
       0
       0
       0
       0
       0
       0
       0
       0
       0
       0
       0
       1
       0
       0
       0
       0
       0
       0
       0
       0
       1
       0
       1
       0
       1
       0
       0
       0
       0
       0
       0
       0
       0
       0
       0
       0
       0
       0
       0
       0
       0
       0
       0
       0
       0
       0
       0
       0
       0
       0
       0
       0
       0
       0
       0
       0
       0
       0
       0
       0
       0
       0
       0
       0
       0
       0
       0
       0
       0
       0
       0
       0
       0
       0
       0
       0
       0
       0
       0
       0
       0
       0
       0
       0
       0
       0
       0
       0
       0
       1
       0
       0
       0
       0
       0
       0
       0
       0
       0
       0
       0
       0
       0
       0
       0
       0
       0
       0
       0
       0
       0
       0
       0
       0
       0
       0
       0
       0
       0
       0
       0
       0
       0
       0
       0
       0
       0
       0
       0
       0
       0
       0
       0
       0
       0
       0
       0
       0
       0
       0
       0
       0
       0
       0
       0
       0
       0
       0
       0
       0
       0
       0
       0
       0
       0
       0
$ROI:
2
402 485
999 1133
$PRESETS:
None
0
0
$ENER_FIT:
-31.477690 1.224967
$MCA_CAL:
3
-3.147769E+001 1.224967E+000 0.000000E+000 keV
$SHAPE_CAL:
3
2.181683E+001 3.254661E-002 0.000000E+000
